101
-100 -16
-97.5 -15.76
-95.7 -13.35
-93.9 -9
-92.3 -9.33
-90.34 -6.2
-88.44 -2.6
-85.6 -2
-84 -0.35
-81.8 1.88
-80.48 2.65
-77.53 5.69
-75.67 5.71
-74.29 5.29
-72.32 5.94
-70.32 5.63
-68.2 3.74
-65.98 5.96
-64.07 5.23
-62.2 6.6
-59.89 7.68
-58.36 6.9
-56.21 7.39
-54.13 8.81
-52.04 10.32
-49.71 12.12
-48.3 12.45
-46 9.57
-44 10
-42.45 8.35
-39.89 5.63
-38.33 2.65
-36.43 0.22
-33.55 -1.31
-31.53 -6.6
-29.7 -9.31
-28.2 -11.74
-26.4 -15.24
-23.82 -15.24
-22.06 -16.32
-20.38 -18.68
-18 -17.33
-16.47 -16.52
-13.59 -14.48
-12.24 -12.58
-9.84 -7.86
-8.19 -5
-5.98 -3.16
-3.95 0.51
-2.32 5.04
0.47 5.22
2.28 6.58
4.44 8.7
6.39 10.73
8.1 8.57
10.42 9.55
11.59 9.25
13.70 7
15.55 7.76
17.83 6.08
19.89 6.45
21.77 6.26
24.33 6
25.86 4.89
27.78 7.48
30.04 6.3
31.64 6.18
34.3 5.8
35.57 7.18
38.49 6.76
40.27 3.61
41.7 3.44
43.51 0.45
46.32 -0.82
48.21 -5.04
50.23 -6.43
52.27 -10.23
53.57 -11.24
55.86 -15.88
57.62 -16.94
60.36 -18.58
62.12 -16.31
63.83 -15.79
65.56 -16.18
67.81 -12.77
69.83 -9.48
72.23 -7
74.14 -3.55
76.39 -0.83
77.97 2.15
79.62 7.65
82.21 10.27
84.26 11.47
86.06 11.93
88.27 12.62
90 13.77
92.02 13.74
93.93 12.72
95.53 11
97.61 9.22
100 6.07